SHAP values:
AREA: [-0.05730954 -0.0253341  -0.01006494 -0.08815259 -0.05510989 -0.01255281
 -0.01590964 -0.01677951 -0.00287213 -0.02751982 -0.0014872  -0.00711246
 -0.01209052 -0.00654475 -0.01501547 -0.00407203]
PERIMETER: [-0.00023684 -0.0167662  -0.00375287  0.00640516 -0.00804471 -0.01445446
 -0.05274458  0.00275606  0.03698547  0.         -0.02441349  0.00460373
 -0.01596656  0.00749986 -0.0017453  -0.00504895]
MAJOR_AXIS: [-6.13741327e-02 -2.31307588e-02 -2.50565012e-02 -1.11697704e-01
 -5.26284705e-02  0.00000000e+00 -9.30909521e-03 -3.02403970e-02
  1.00201090e-04 -3.91717152e-02 -7.91258300e-03  0.00000000e+00
 -1.78352054e-02 -1.21557681e-02 -8.69763187e-03  9.14930678e-03]
MINOR_AXIS: [ 0.03517389  0.10851332  0.00476222  0.13410226  0.17334217  0.0098095
 -0.02299648  0.01851942  0.03238257  0.0750709  -0.0307729   0.01802934
  0.01435031  0.          0.04042078 -0.03815845]
ECCENTRICITY: [-0.04213141 -0.0659735   0.00357494 -0.11454149 -0.1026041   0.00189745
  0.03901378 -0.01058696 -0.01532929 -0.06382338  0.02792838 -0.02200931
 -0.01794523  0.         -0.01010301  0.02536649]
EQDIASQ: [ 0.08529485  0.00602858  0.02601653  0.16243169  0.09667858  0.00702499
  0.00346408  0.01016462 -0.03566545  0.05293695  0.02655546  0.01971534
  0.0392708   0.01226793  0.01837018  0.02321803]
SOLIDITY: [ 0.00680451 -0.07244077  0.02780854 -0.02710775 -0.09565913 -0.01914856
  0.07030455 -0.00302192 -0.06478822 -0.0448719   0.05450645 -0.00241437
  0.          0.         -0.01479246  0.07150892]
CONVEX_AREA: [-0.05047744 -0.01537059  0.         -0.11077836 -0.08699939  0.
  0.         -0.01340591 -0.00689176 -0.05907413 -0.01540096 -0.01259492
 -0.01405013  0.         -0.00863645  0.        ]
EXTENT: [ 0.03883704  0.00546945  0.00283196  0.12049327  0.09294875 -0.00918472
  0.03950361  0.0062374  -0.01369016  0.05893373  0.00257678  0.02299047
  0.0322738   0.0107667   0.03137781  0.05870864]
ASPECT_RATIO: [ 0.0165468  -0.00478056  0.03190508 -0.05052464 -0.1667107  -0.0026767
 -0.00972736  0.00821485 -0.01224864 -0.075689   -0.00686464 -0.00088416
 -0.01368605 -0.00861006 -0.02869393  0.00807804]
ROUNDNESS: [ 0.05442891 -0.01440464  0.01645767  0.12191022  0.07566244  0.
  0.04381807  0.0088782   0.          0.04851908  0.03203311  0.01411447
  0.02954964  0.01153797  0.02569712  0.04785289]
COMPACTNESS: [ 0.06705312 -0.01364866  0.03219132  0.13791487  0.10472906  0.0155618
  0.00777139  0.02122128 -0.01898418  0.04153889  0.04205556  0.00614919
  0.02392194  0.01574635  0.02560681  0.01248358]
SHAPEFACTOR_1: [ 0.04701851  0.03272581  0.00217878  0.15787266  0.18043371 -0.00818425
  0.          0.02061577  0.          0.08687041  0.          0.015307
  0.02773967  0.          0.04315244  0.        ]
SHAPEFACTOR_2: [ 0.07407332 -0.0340094   0.03007979  0.02290457 -0.09861716  0.
  0.03906997  0.01049196  0.01697251 -0.05283126  0.03823799 -0.00269612
 -0.00782808  0.0060424  -0.02195623  0.0310531 ]
SHAPEFACTOR_3: [-0.03268756 -0.07967935 -0.00235207 -0.11339295 -0.08719557  0.
  0.05161507 -0.00858405 -0.01948612 -0.05006327  0.03316578 -0.00357978
 -0.0187028  -0.0032895  -0.01200703  0.03222867]
SHAPEFACTOR_4: [-0.05272501 -0.04497972 -0.01993885 -0.13766605 -0.0663497   0.00866076
  0.01009766 -0.02279538 -0.01223002 -0.0551824   0.01949193 -0.00144862
 -0.0166145   0.         -0.01609415  0.01523871]
